# wvl[m], pitch, Reflec_Pol-1, Reflec_Pol-2,m11, m12, m13, m14, m21, m22, m23, m24, m31, m32, m33, m34, m41, m42, m43, m44
2.100000000000000011e-07 5.000000000000000000e+02 -5.516609552985265938e-06 -5.517724189853179118e-06 2.702211733263252137e-03 2.729648108351201254e-07 -3.114397467074767186e-08 -2.219514591789344010e-05 2.737531658301203125e-07 2.701870751101031077e-03 3.674299479709441289e-05 -1.517314263384422123e-07 -3.808676037976970190e-08 -3.674297602329103241e-05 2.701870713308665052e-03 3.938680220399085832e-07 -2.219512538046533159e-05 1.548258023033487127e-07 -3.914993658485406174e-07 2.702211686332403173e-03
2.110000000000000233e-07 5.000000000000000000e+02 -5.686050288807870118e-06 -5.686886777303342323e-06 2.786971597915050870e-03 2.049839601960500024e-07 -5.496140417009403082e-08 -2.498377732873406957e-05 2.054902704167957130e-07 2.786628696798861861e-03 3.587454134823043258e-05 -1.382127512116210091e-07 -6.116577009460645261e-08 -3.587452568363404932e-05 2.786628665026315028e-03 3.985200961405411114e-07 -2.498375875021580881e-05 1.414880117728321096e-07 -3.961992571531129236e-07 2.786971557914605206e-03
2.120000000000000190e-07 5.000000000000000000e+02 -5.854659643395553658e-06 -5.855227852186161845e-06 2.871438147296765959e-03 1.393332256689749915e-07 -7.501239690118184861e-08 -2.772406834576122096e-05 1.395854494464290885e-07 2.871089720869348001e-03 3.510276135707760675e-05 -1.228511839852473051e-07 -8.051752972699892114e-08 -3.510274805735696799e-05 2.871089694265104020e-03 3.947042492445791904e-07 -2.772405163531500925e-05 1.263161792757612028e-07 -3.924302712650926767e-07 2.871438113180678833e-03
2.130000000000000147e-07 5.000000000000000000e+02 -6.014949240233263239e-06 -6.015258678139861294e-06 2.951935761338335840e-03 7.592893062186543973e-08 -9.228964777862675621e-08 -3.101821264641788296e-05 7.594491220510972418e-08 2.951573749419799091e-03 3.427815448363240162e-05 -1.043961695910030063e-07 -9.714934276823001960e-08 -3.427814330165064913e-05 2.951573727600536115e-03 3.796549067728900858e-07 -3.101819776736715301e-05 1.079941123925170961e-07 -3.774263335446358832e-07 2.951935732659022142e-03
2.140000000000000104e-07 5.000000000000000000e+02 -6.165821705445785575e-06 -6.165896119479056126e-06 3.027921162250540952e-03 1.827156843122075878e-08 -1.052333411001650006e-07 -3.420121278652749319e-05 1.807315550927772132e-08 3.027554074289496005e-03 3.245229139963184164e-05 -8.248221065960668918e-08 -1.093950719439891963e-07 -3.245228227033130210e-05 3.027554056942612960e-03 3.522410328144997031e-07 -3.420119983355713185e-05 8.604103496243789106e-08 -3.501256719414650960e-07 3.027921138755052845e-03
2.150000000000000062e-07 5.000000000000000000e+02 -6.308203552074766944e-06 -6.308087876742950669e-06 3.099845886549379859e-03 -2.842164066292965032e-08 -1.121036235192551962e-07 -3.679606337515988824e-05 -2.881892219004992037e-08 3.099479198479119027e-03 3.031917366523449159e-05 -5.861920129366149693e-08 -1.155385234899730938e-07 -3.031916652455708878e-05 3.099479185227074166e-03 3.139055781676039806e-07 -3.679605244099100759e-05 6.201990783406222812e-08 -3.119643972875444031e-07 3.099845867943948861e-03
2.160000000000000019e-07 5.000000000000000000e+02 -6.445608145929752456e-06 -6.445357442727022504e-06 3.169431978808904052e-03 -6.163904033755843170e-08 -1.125419731962582990e-07 -3.890124509482651338e-05 -6.220199555082017717e-08 3.169067484722949950e-03 2.823162873716076896e-05 -3.523095162340803086e-08 -1.153045816219881000e-07 -2.823162337500150160e-05 3.169067474877895925e-03 2.708677222898807056e-07 -3.890123610838087221e-05 3.839619703045675883e-08 -2.691414260487187125e-07 3.169431964441091123e-03
2.170000000000000241e-07 5.000000000000000000e+02 -6.581833502212376578e-06 -6.581498371342754131e-06 3.238542523666306135e-03 -8.245143271433386101e-08 -1.078769562129993052e-07 -4.074663273394761272e-05 -8.313321376261784135e-08 3.238179446281322111e-03 2.629166135439624157e-05 -1.468467926790557006e-08 -1.100677504939634988e-07 -2.629165743511363885e-05 3.238179439102979121e-03 2.282871760651605914e-07 -4.074662548961227278e-05 1.757373659101223049e-08 -2.267850829581569021e-07 3.238542512740658161e-03
2.180000000000000198e-07 5.000000000000000000e+02 -6.722200109753432484e-06 -6.721818410780874840e-06 3.309616499038796865e-03 -9.396574508573583839e-08 -1.001098525985928967e-07 -4.246546519164161039e-05 -9.472676611708454042e-08 3.309253036064942113e-03 2.454360176047468020e-05 2.255585233638892122e-09 -1.018320068242077951e-07 -2.454359893617076894e-05 3.309253030878530916e-03 1.893848167625617055e-07 -4.246545940606940732e-05 3.547788044654067056e-10 -1.880962429739447110e-07 3.309616490771489020e-03
2.190000000000000155e-07 5.000000000000000000e+02 -6.869190453912016691e-06 -6.868787942491008778e-06 3.383926312570975821e-03 -9.914624622014457656e-08 -9.073382454530765572e-08 -4.419146805278032153e-05 -9.995688232612882917e-08 3.383559687382836807e-03 2.298339969126513135e-05 1.570689177026997888e-08 -9.207460174078538687e-08 -2.298339766537934152e-05 3.383559683659748130e-03 1.549863532506198096e-07 -4.419146345341314942e-05 -1.335775976023698038e-08 -1.538913280312782898e-07 3.383926306316395200e-03
2.200000000000000112e-07 5.000000000000000000e+02 -7.023231491846078275e-06 -7.022826232139839413e-06 3.461801470304495896e-03 -9.988059813492537742e-08 -8.088695128172160569e-08 -4.598271739484756192e-05 -1.007192932625956001e-07 3.461429081087520187e-03 2.153413687337375036e-05 2.606979038645492131e-08 -8.192112816127125878e-08 -2.153413541674828070e-05 3.461429078431390964e-03 1.252879198447826990e-07 -4.598271373461894080e-05 -2.396092989664466868e-08 -1.243621974926944076e-07 3.461801465553280849e-03
2.210000000000000069e-07 5.000000000000000000e+02 -7.184274294094664516e-06 -7.183875880377700158e-06 3.543221904879852082e-03 -9.824982283800597072e-08 -7.118154303250564868e-08 -4.777632298658575762e-05 -9.910541598251616791e-08 3.542841889773335005e-03 2.025409073913864844e-05 3.405819566707603199e-08 -7.196445200740446445e-08 -2.025408967917765088e-05 3.542841887868612098e-03 1.002804496004011029e-07 -4.777632004657212793e-05 -3.215652335283775306e-08 -9.950457877110637743e-08 3.543221901219909941e-03
2.220000000000000027e-07 5.000000000000000000e+02 -7.350297760003130721e-06 -7.349909389238764819e-06 3.627194769469991014e-03 -9.582833703121462765e-08 -6.209433575795567789e-08 -4.958095626958415098e-05 -9.669913422858528174e-08 3.626804598286539200e-03 1.928794911515783865e-05 4.030313766647104735e-08 -6.266339279214989998e-08 -1.928794831933799077e-05 3.626804596897843184e-03 7.939823095476053757e-08 -4.958095386294792713e-05 -3.856669532609066717e-08 -7.875522427606934375e-08 3.627194766579713153e-03
2.230000000000000248e-07 5.000000000000000000e+02 -7.524208774199195634e-06 -7.523827760236722602e-06 3.715158363686913139e-03 -9.406723635511753112e-08 -5.377531074044299251e-08 -5.154547107517635303e-05 -9.497078761974177274e-08 3.714750666757866970e-03 1.929276271763020133e-05 4.574044240194190909e-08 -5.413918986362442013e-08 -1.929276208975946009e-05 3.714750665708178856e-03 6.186012850944322852e-08 -5.154546903742812766e-05 -4.410906083146996164e-08 -6.134477111721294949e-08 3.715158361310259144e-03
2.240000000000000206e-07 5.000000000000000000e+02 -7.706215619022589546e-06 -7.705830688608360579e-06 3.807220369462952034e-03 -9.508892489791358205e-08 -4.312034159354864770e-08 -5.895857602974401184e-05 -9.607755473606434393e-08 3.806712091050184175e-03 1.984640102405203890e-05 5.014503252723526789e-08 -4.333705890229976737e-08 -1.984640053637909095e-05 3.806712090134758888e-03 4.637460408237467825e-08 -5.895857426808591813e-05 -4.842404884932186796e-08 -4.596204937852372191e-08 3.807220367418626822e-03
2.250000000000000163e-07 5.000000000000000000e+02 -7.922458158583399877e-06 -7.922059676849717806e-06 3.916310330958414423e-03 -9.849325467064032336e-08 -3.664569493722304790e-08 -6.363689193090523073e-05 -9.943565037985255262e-08 3.915766880070547032e-03 1.437677248218463969e-05 5.055862070138755857e-08 -3.676620948671946844e-08 -1.437677193244096998e-05 3.915766879194272285e-03 2.998107770769388039e-08 -6.363689039583217736e-05 -4.884110825004232782e-08 -2.956705496193788993e-08 3.916310329107327431e-03
2.260000000000000120e-07 5.000000000000000000e+02 -8.165618066210853928e-06 -8.165195464657098344e-06 4.038563947941402679e-03 -1.045081677100711960e-07 -3.331465293890168323e-08 -6.653878748191021189e-05 -1.054331236483019032e-07 4.038004725012673581e-03 9.443966215378255766e-06 5.229002124967696086e-08 -3.326185880875010675e-08 -9.443965498971399104e-06 4.038004724095905183e-03 1.190868421032462973e-08 -6.653878604912489788e-05 -5.053307156626692239e-08 -1.148042529474570985e-08 4.038563946095712412e-03
2.270000000000000077e-07 5.000000000000000000e+02 -8.447617893493172039e-06 -8.447159146102687521e-06 4.180127448625421162e-03 -1.135038689434667014e-07 -3.258763673301125164e-08 -6.873038811948398098e-05 -1.144551354474026984e-07 4.179559467808489220e-03 4.926613492087880306e-06 5.645736421260457241e-08 -3.228007106149195955e-08 -4.926612467709626406e-06 4.179559466735822092e-03 -1.030061028023664073e-08 -6.873038668708491400e-05 -5.459558259627194721e-08 1.076848280193584012e-08 4.180127446563449041e-03
2.280000000000000034e-07 5.000000000000000000e+02 -8.795564358764574925e-06 -8.795059592344732071e-06 4.354480266323789393e-03 -1.249526691278305969e-07 -3.386887059955083316e-08 -7.073415176238891479e-05 -1.259972463563651100e-07 4.353905621355904157e-03 9.512154129340705559e-07 6.486509901148802392e-08 -3.318318637327444948e-08 -9.512138526027792999e-07 4.353905619956668395e-03 -4.025607189823737212e-08 -7.073415023441391621e-05 -6.283560234890455060e-08 4.078675572502066811e-08 4.354480263730102843e-03
2.290000000000000256e-07 5.000000000000000000e+02 -9.233583504308401599e-06 -9.233031601561145050e-06 4.573624577938528724e-03 -1.366896940778634939e-07 -3.607501142915055692e-08 -7.312722846365690764e-05 -1.379353873217324931e-07 4.573039258203083143e-03 -2.474655268339297833e-06 8.022475010212071255e-08 -3.482299665134128987e-08 2.474657767407823076e-06 4.573039256211015174e-03 -8.264213497281552954e-08 -7.312722673151646202e-05 -7.798424999983416582e-08 8.325176574180570456e-08 4.573624574303424353e-03
2.300000000000000214e-07 5.000000000000000000e+02 -9.789519273709163053e-06 -9.788942099841660988e-06 4.851432767307670667e-03 -1.430204427102164085e-07 -3.594693528014307124e-08 -7.651848449006449691e-05 -1.446381395937834922e-07 4.850826231518503076e-03 -5.447635473579069394e-06 1.062582530107550045e-07 -3.383883587145878323e-08 5.447639623788627059e-06 4.850826228515136423e-03 -1.435551584850156000e-07 -7.651848241063848293e-05 -1.038280032841979960e-07 1.442234951225785080e-07 4.851432761778796433e-03
2.310000000000000171e-07 5.000000000000000000e+02 -1.047108466464813083e-05 -1.047055055727979390e-05 5.191829259712962309e-03 -1.324153645785793890e-07 -2.648262328472995836e-08 -8.134601769780309250e-05 -1.346335426390815869e-07 5.191185246982839632e-03 -8.342523129737000511e-06 1.453373031810317067e-07 -2.314238570044854884e-08 8.342530065441872806e-06 5.191185242368112629e-03 -2.265577054346920921e-07 -8.134601507565435141e-05 -1.428805342375374970e-07 2.271780707215411915e-07 5.191829250979385080e-03
2.320000000000000128e-07 5.000000000000000000e+02 -1.126677741101420873e-05 -1.126641830413448823e-05 5.589218174452069074e-03 -8.907421406413942866e-08 2.291381689261978996e-09 -8.770360186318920735e-05 -9.214589197963432565e-08 5.588517820890646567e-03 -1.167936239811895954e-05 1.961595559525662956e-07 7.273858245700280233e-09 1.167937382576201007e-05 5.588517813846330916e-03 -3.294059051968146743e-07 -8.770359841801489930e-05 -1.940489275784653945e-07 3.297385738647886091e-07 5.589218160592680611e-03
2.330000000000000085e-07 5.000000000000000000e+02 -1.217039573848383451e-05 -1.217041922089711571e-05 6.040626186644360018e-03 5.827597837019388161e-09 6.213999336137932808e-08 -9.552408843231953418e-05 1.695058078707984069e-09 6.039849532278926576e-03 -1.604480968881577879e-05 2.508432991054453227e-07 6.909163396475817846e-08 1.604482791802874146e-05 6.039849521871165118e-03 -4.391250636011181862e-07 -9.552408381993603387e-05 -2.497368205586313746e-07 4.387522253068895188e-07 6.040626165152505715e-03
2.340000000000000042e-07 5.000000000000000000e+02 -1.316458443335431800e-05 -1.316525059906776435e-05 6.537110951469249365e-03 1.653940928801785060e-07 1.617096763861762961e-07 -1.043583308130379935e-04 1.601579334930235132e-07 6.536240554323008087e-03 -2.209600171576935859e-05 2.923797152125639240e-07 1.706470692669593920e-07 2.209602938522518969e-05 6.536240539855285060e-03 -5.261767766379261042e-07 -1.043583247485459047e-04 -2.932026103472809109e-07 5.245134573230425072e-07 6.537110919662146406e-03
2.350000000000000264e-07 5.000000000000000000e+02 -1.422200569289638220e-05 -1.422354200345260641e-05 7.065501191896248964e-03 3.815994046607074944e-07 2.993369632967581787e-07 -1.132056670914714021e-04 3.755010565625015173e-07 7.064529060600241786e-03 -3.034038668636655886e-05 2.971134103063338858e-07 3.096986408365991065e-07 3.034042607447633025e-05 7.064529042310909064e-03 -5.470005025044150377e-07 -1.132056596114198983e-04 -3.008377274007752265e-07 5.434050254770378113e-07 7.065501147829548155e-03
2.360000000000000221e-07 5.000000000000000000e+02 -1.530782202630265616e-05 -1.531028076678645196e-05 7.608481524120082676e-03 6.109876131139661826e-07 4.590237339505858806e-07 -1.205720049930497937e-04 6.046124313000868222e-07 7.607417098187765209e-03 -4.072237390210122333e-05 2.418684657688768185e-07 4.695321988859451931e-07 4.072242576329807208e-05 7.607417078261949871e-03 -4.608131838379670086e-07 -1.205719966659666030e-04 -2.490505997623938938e-07 4.547690817612542814e-07 7.608481467942130629e-03
2.370000000000000179e-07 5.000000000000000000e+02 -1.637091374798206803e-05 -1.637403319511053916e-05 8.140575874394654493e-03 7.755119004982866104e-07 6.104794732108966904e-07 -1.248019130221490009e-04 7.697623959591545773e-07 8.139452014168897104e-03 -5.215902613182273230e-05 1.129044886238114031e-07 6.194188980497776877e-07 5.215908827281441867e-05 8.139451997426895222e-03 -2.644845380933711886e-07 -1.248019045686626092e-04 -1.230835247004061039e-07 2.558122708594258744e-07 8.140575809485033412e-03
2.380000000000000136e-07 5.000000000000000000e+02 -1.733930628446732298e-05 -1.734254465842589195e-05 8.625897889273835550e-03 8.054323034833651973e-07 7.132693092645300457e-07 -1.249619247354812079e-04 8.014159564714504191e-07 8.624765978553643880e-03 -6.253163964616397234e-05 -8.697831512324708317e-08 7.193814296654923155e-07 6.253170618287742137e-05 8.624765971240089604e-03 -2.532637613324840930e-08 -1.249619155211797127e-04 7.548233902472060303e-08 1.435950984005783925e-08 8.625897821705164406e-03
2.390000000000000093e-07 5.000000000000000000e+02 -1.814071748470730651e-05 -1.814360478911737561e-05 9.028432455122185896e-03 7.184324030363661850e-07 7.262931522759996238e-07 -1.217303914495940952e-04 7.172133607265610000e-07 9.027343730953169693e-03 -6.956171992205038000e-05 -3.310457964914031862e-07 7.296960924893535795e-07 6.956178349811075758e-05 9.027343736259676663e-03 1.516588761319899895e-07 -1.217303782871802009e-04 3.201507583158960820e-07 -1.639838242408301989e-07 9.028432389981388625e-03
2.400000000000000315e-07 5.000000000000000000e+02 -1.874692317833692349e-05 -1.874934087073198345e-05 9.334105665910780170e-03 6.018465267291703280e-07 6.294568414742403024e-07 -1.171452383454791945e-04 6.040100357209213233e-07 9.333086919052626523e-03 -7.275589364811693607e-05 -5.685612727172531652e-07 6.310857730550619468e-07 7.275594914264198122e-05 9.333086934681636762e-03 2.385248333196222212e-07 -1.171452184461659995e-04 5.590866915908151947e-07 -2.508303590899352141e-07 9.334105604919871665e-03
2.410000000000000007e-07 5.000000000000000000e+02 -1.917262029777301780e-05 -1.917463905938631785e-05 9.550156880230998083e-03 5.027605736104834300e-07 4.375074003458836241e-07 -1.126191998705407997e-04 5.081513410609694859e-07 9.549214818522054268e-03 -7.286262733069410026e-05 -7.444045519377104846e-07 4.381447075051524034e-07 7.286267166842615378e-05 9.549214839981111022e-03 2.675737858612642905e-07 -1.126191731981300055e-04 7.363609282388895380e-07 -2.783860642801777030e-07 9.550156824215437837e-03
2.420000000000000229e-07 5.000000000000000000e+02 -1.944661523236038082e-05 -1.944834970806127024e-05 9.690406299927130374e-03 4.321323925785339193e-07 1.948418080445957126e-07 -1.090995599879073972e-04 4.399135655275623891e-07 9.689528987866076470e-03 -7.140609143909846732e-05 -8.221365356406493520e-07 1.949272381518590038e-07 7.140612367761661034e-05 9.689529010616287907e-03 2.736776755815320941e-07 -1.090995287373716009e-04 8.151802798327540669e-07 -2.819046404152788133e-07 9.690406249593344623e-03
2.429999999999999922e-07 5.000000000000000000e+02 -1.960430418447618880e-05 -1.960582456336398512e-05 9.772700400266825377e-03 3.789379897445668832e-07 -4.605592050518447864e-08 -1.061733817146463024e-04 3.878995270311171887e-07 9.771876089312504093e-03 -6.955134825161227944e-05 -7.976342942473673846e-07 -4.638236542857110823e-08 6.955136930269912427e-05 9.771876110154903081e-03 2.786373332291328140e-07 -1.061733492101713064e-04 7.914670940563651980e-07 -2.837901528356014941e-07 9.772700356288478371e-03
2.440000000000000144e-07 5.000000000000000000e+02 -1.969390723293857053e-05 -1.969522439403617264e-05 9.821108346092628782e-03 3.284150047102447042e-07 -2.437229118981264903e-07 -1.027582902571320988e-04 3.373011727633711846e-07 9.820338318164955824e-03 -6.756230149263480053e-05 -6.915104067749139349e-07 -2.444392263611531784e-07 6.756231337043629083e-05 9.820338335508558072e-03 2.862167963597320893e-07 -1.027582597712980945e-04 6.860510137718402982e-07 -2.884013874288622744e-07 9.821108309061984606e-03
2.450000000000000366e-07 5.000000000000000000e+02 -1.975942133553240687e-05 -1.976050888775309074e-05 9.857530031755327299e-03 2.712701823032181991e-07 -3.776109479022674879e-07 -9.831478360141827108e-05 2.790048043450205073e-07 9.856831578336710045e-03 -6.405736384363906895e-05 -5.314050934316643542e-07 -3.786706531346999191e-07 6.405736861442494034e-05 9.856831591815398697e-03 2.856810314208686839e-07 -9.831475787992915061e-05 5.268054634572586631e-07 -2.853479001146756116e-07 9.857530002326933549e-03
2.460000000000000058e-07 5.000000000000000000e+02 -1.982740426305555181e-05 -1.982825863924790447e-05 9.895211079282425354e-03 2.131910588716242906e-07 -4.355170543711152887e-07 -9.430906255534948529e-05 2.190066651633001960e-07 9.894595867280021190e-03 -5.727494955623281807e-05 -3.470885119388013090e-07 -4.367854839336105225e-07 5.727494925478735822e-05 9.894595877026976169e-03 2.654020274888467238e-07 -9.430904336341606954e-05 3.434988702522165033e-07 -2.632437108850235179e-07 9.895211057755133252e-03
2.470000000000000280e-07 5.000000000000000000e+02 -1.988867637122082127e-05 -1.988927392802160841e-05 9.929565003985429614e-03 1.491650286726541900e-07 -4.183176926454162841e-07 -9.378926853493142583e-05 1.527497392843357991e-07 9.929014206754028724e-03 -4.627547271044539924e-05 -1.739956821392561899e-07 -4.196702121845316068e-07 4.627547012797952831e-05 9.929014213564114205e-03 2.192470227208568067e-07 -9.378925672296048238e-05 1.715553262998600077e-07 -2.160945448311820928e-07 9.929564990108503963e-03
2.479999999999999972e-07 5.000000000000000000e+02 -1.991220792794059046e-05 -1.991274326345264495e-05 9.945144862810440661e-03 1.336847644086217035e-07 -3.358911064975269971e-07 -9.707133899476398805e-05 1.352460549967557115e-07 9.944605400304239867e-03 -3.614991008611735012e-05 -3.561242417585451297e-08 -3.367910575757044810e-07 3.614990603481995306e-05 9.944605404125611905e-03 1.438533251183100934e-07 -9.707133371380136338e-05 3.378274197117193771e-08 -1.406964464794289940e-07 9.945144855135515730e-03
2.490000000000000194e-07 5.000000000000000000e+02 -2.016377970767849811e-05 -2.016442081737284954e-05 1.007471592070263017e-02 1.601608294061334938e-07 -2.182480109503931946e-07 -1.033471760357140937e-04 1.603060610626954887e-07 1.007415083826432994e-02 -2.655339323942611040e-05 4.104179399076215116e-08 -2.186087935696474042e-07 2.655338944734720908e-05 1.007415083915617036e-02 7.751467922401214651e-08 -1.033471750480127992e-04 -4.288673485239254167e-08 -7.516335572254376073e-08 1.007471591668382058e-02
2.500000000000000416e-07 5.000000000000000000e+02 -2.080119120790024776e-05 -2.080206990079236368e-05 1.039712655751123989e-02 2.195953144306511938e-07 -8.997974865412437134e-08 -1.102094431396260967e-04 2.192350222456757036e-07 1.039652604747205028e-02 -1.845711890448762144e-05 4.786251556807669897e-08 -8.990813222697522592e-08 1.845711686481332108e-05 1.039652604561829008e-02 3.051031869972233259e-08 -1.102094439153766949e-04 -5.024162174931590032e-08 -2.946980584273849937e-08 1.039712655464794001e-02
2.510000000000000109e-07 5.000000000000000000e+02 -2.183088405933791484e-05 -2.183212683937304030e-05 1.091559129457712017e-02 3.106904140001697815e-07 -2.176762427907430030e-10 -1.357077241697750021e-04 3.105821694739802075e-07 1.091474499383542074e-02 7.644820477408148448e-06 6.756810487976009673e-09 -7.256728002722856279e-10 -7.644820509407226992e-06 1.091474498939365954e-02 2.335972098453077870e-08 -1.357077244157822097e-04 -1.060257465702289074e-08 -2.335993580629990163e-08 1.091559129012843916e-02
2.520000000000000331e-07 5.000000000000000000e+02 -2.252379091794577857e-05 -2.252534062458673561e-05 1.126594662456911929e-02 3.875526942039019843e-07 8.153669293596769291e-08 -1.700199814506593902e-04 3.888998951571270846e-07 1.126465393962288071e-02 1.477028222211486016e-05 -8.513209729512163666e-08 7.969615521810080052e-08 -1.477027879967395079e-05 1.126465393317665001e-02 8.767049871830781184e-08 -1.700199792471461936e-04 7.938852023918463712e-08 -8.877933689332976140e-08 1.126594661694530972e-02
2.530000000000000023e-07 5.000000000000000000e+02 -2.262676576304393426e-05 -2.262837477077659094e-05 1.132131605446877985e-02 4.025196886064257876e-07 9.533342319599958248e-08 -2.028237389550390109e-04 4.058703464687036218e-07 1.131949014356188957e-02 1.423325936631342076e-05 -1.839622748203407995e-07 9.204139962074646907e-08 -1.423325354461663977e-05 1.131949013710541012e-02 1.546505541134134993e-07 -2.028237337983543071e-04 1.769158091753138132e-07 -1.561022511542559901e-07 1.132131604436087922e-02
2.540000000000000245e-07 5.000000000000000000e+02 -2.252169353484569583e-05 -2.252321658438573860e-05 1.127255861591089023e-02 3.811455094454573892e-07 7.270740091283630214e-08 -2.318702687829825933e-04 3.865270935161924104e-07 1.127017259809869922e-02 4.844150914551695173e-06 -2.640331447367614192e-07 6.815698395072074907e-08 -4.844143596088066955e-06 1.127017259276895042e-02 2.125112334196354094e-07 -2.318702612565692086e-04 2.562286289602247772e-07 -2.138483401496203889e-07 1.127255860413749027e-02
2.549999999999999938e-07 5.000000000000000000e+02 -2.196938684623780876e-05 -2.197073408738527470e-05 1.099982704335781929e-02 3.372639695341587115e-07 2.696712760054105902e-08 -2.519785610891868096e-04 3.443924860213263247e-07 1.099693570890460971e-02 -1.032990461848773047e-05 -3.161624499839000083e-07 2.162852878926537940e-08 1.032991238126514916e-05 1.099693570530655036e-02 2.465670074542535117e-07 -2.519785519618892048e-04 3.081219205724041255e-07 -2.474168535881436208e-07 1.099982703084726073e-02
2.560000000000000159e-07 5.000000000000000000e+02 -2.104049195845640954e-05 -2.104162539955336977e-05 1.053828824525463934e-02 2.838385931795001094e-07 -2.858354286934871116e-08 -2.622507382551670188e-04 2.921598577336482180e-07 1.053498829590758003e-02 -2.766201798885388973e-05 -3.349384620537280803e-07 -3.423753610360677014e-08 2.766202522119656112e-05 1.053498829407049919e-02 2.574989321593300869e-07 -2.622507284397027137e-04 3.270941996304081202e-07 -2.575861652840620056e-07 1.053828823292480080e-02
2.570000000000000381e-07 5.000000000000000000e+02 -1.984991545334455473e-05 -1.985083832080922632e-05 9.945329456342121358e-03 2.311850559062051101e-07 -8.020899262566099025e-08 -2.641671074765894163e-04 2.401834173094279960e-07 9.941720374706768462e-03 -4.460510762136770681e-05 -3.283841979229477036e-07 -8.579051501535553403e-08 4.460511381392240880e-05 9.941720374421276346e-03 2.502642975541233844e-07 -2.641670976947623210e-04 3.210018666517839864e-07 -2.495157867500460737e-07 9.945329444761386722e-03
2.580000000000000074e-07 5.000000000000000000e+02 -1.853946101535696917e-05 -1.854019979503771431e-05 9.291892076047778698e-03 1.851327900903240995e-07 -1.216482161278835995e-07 -2.603050302007947820e-04 1.943789857067682036e-07 9.288051336545494890e-03 -6.001591216077331316e-05 -3.047381369544343187e-07 -1.268825725740700895e-07 6.001591710105480732e-05 9.288051337464785576e-03 2.313255656993736904e-07 -2.603050209617513867e-04 2.979317052137811757e-07 -2.297903601884334944e-07 9.291892065530582209e-03
2.590000000000000296e-07 5.000000000000000000e+02 -1.721643131867912934e-05 -1.721702216784974781e-05 8.631536634687395071e-03 1.481099264066809960e-07 -1.510483744792192897e-07 -2.528911022432316102e-04 1.573013836044661897e-07 8.627516000469180255e-03 -7.374506084331116274e-05 -2.720254812802531856e-07 -1.557661615520561007e-07 7.374506453291360575e-05 8.627516002224187852e-03 2.066163560880173869e-07 -2.528910938311904185e-04 2.657941074468175248e-07 -2.044187194949033106e-07 8.631536625335622243e-03
2.599999999999999988e-07 5.000000000000000000e+02 -1.597678045461265015e-05 -1.597725972420990865e-05 8.012417772449188791e-03 1.201759845517388903e-07 -1.695067354281593014e-07 -2.439063044616786931e-04 1.291433512828552010e-07 8.008240698584478262e-03 -8.619226123369372512e-05 -2.367388733100856883e-07 -1.736238855967825951e-07 8.619226379777576914e-05 8.008240700860046885e-03 1.806210348337549952e-07 -2.439062969824578101e-04 2.310141730608691098e-07 -1.779135913688189103e-07 8.012417764221707595e-03
2.610000000000000210e-07 5.000000000000000000e+02 -1.487705758720903569e-05 -1.487745709498334074e-05 7.463129739833204018e-03 1.002059144155666027e-07 -1.794724227985325052e-07 -2.346425472837765055e-04 1.088903397220528949e-07 7.458797217602732357e-03 -9.794071472651996648e-05 -2.031578684990193984e-07 -1.829643121862472091e-07 9.794071634364031741e-05 7.458797220161814644e-03 1.562045366622208129e-07 -2.346425407174698979e-04 1.978395179995634094e-07 -1.531372983147569129e-07 7.463129732602688353e-03
2.619999999999999903e-07 5.000000000000000000e+02 -1.394603879939314505e-05 -1.394638403656820675e-05 6.998173602511834589e-03 8.661957045987683790e-08 -1.837539349104483893e-07 -2.258784783373443922e-04 9.504542412136496310e-08 6.993668300126251736e-03 -1.096190191264702053e-04 -1.736017889561101116e-07 -1.866318222613134918e-07 1.096190199798941991e-04 6.993668302811528216e-03 1.348644389976469029e-07 -2.258784725895387048e-04 1.685817174527341070e-07 -1.315659204744386941e-07 6.998173596110560980e-03
2.630000000000000125e-07 5.000000000000000000e+02 -1.319007839096172533e-05 -1.319038922889823805e-05 6.620813448452055570e-03 7.801226346772910381e-08 -1.847007460292878970e-07 -2.178852331539405090e-04 8.627895866156198856e-08 6.616106063984714299e-03 -1.218082071842215984e-04 -1.496265406081470966e-07 -1.869865259988799113e-07 1.218082074434416934e-04 6.616106066716058963e-03 1.170603132843200963e-07 -2.178852280876476105e-04 1.447991917927178096e-07 -1.136515370734630009e-07 6.620813442690567062e-03
2.640000000000000346e-07 5.000000000000000000e+02 -1.260037181227626437e-05 -1.260066175924807667e-05 6.326705858848656432e-03 7.279103058071417776e-08 -1.847545263363321037e-07 -2.105242690693325891e-04 8.101075946436581132e-08 6.321760878238708373e-03 -1.350033520235504952e-04 -1.302523309289790967e-07 -1.864738222493004002e-07 1.350033518083003955e-04 6.321760880982318399e-03 1.026870667908675949e-07 -2.105242645509451888e-04 1.255371644641439925e-07 -9.923841664589296184e-08 6.326705853558140143e-03
2.650000000000000039e-07 5.000000000000000000e+02 -1.215837201989291816e-05 -1.215865002980178788e-05 6.106609483651047852e-03 6.981520774343441538e-08 -1.847167929922271120e-07 -2.028895293554809870e-04 7.807333783898390278e-08 6.101408302749384595e-03 -1.494386224314794061e-04 -1.142911320759182031e-07 -1.858874011331930996e-07 1.494386218317360880e-04 6.101408305482202907e-03 9.139101565988292576e-08 -2.028895252766229945e-04 1.096377199891835966e-07 -8.797292671266608515e-08 6.106609478704829938e-03
2.660000000000000261e-07 5.000000000000000000e+02 -1.184092270519675399e-05 -1.184119374971293609e-05 5.948956308384404854e-03 6.808648152223373273e-08 -1.851436931796685043e-07 -1.945304213801171017e-04 7.646873008936017069e-08 5.943520253697356405e-03 -1.637254548263464076e-04 -1.024159450974906941e-07 -1.857835550830122910e-07 1.637254539256787920e-04 5.943520256449972249e-03 8.204604307124295131e-08 -1.945304176556611909e-04 9.783788898303207721e-08 -7.873554815140647684e-08 5.948956303666389812e-03
2.669999999999999953e-07 5.000000000000000000e+02 -1.161687876673437836e-05 -1.161714796067300794e-05 5.838150661923766083e-03 6.764194555863856095e-08 -1.877626853785062089e-07 -1.859949410808565886e-04 7.625355348973156255e-08 5.832477859209599276e-03 -1.777948604419218133e-04 -9.288609361449682873e-08 -1.878798977343620895e-07 1.777948592515004081e-04 5.832477862042841597e-03 7.406563663683825325e-08 -1.859949376312962084e-04 8.838527225557590069e-08 -7.084057448090849665e-08 5.838150657303826235e-03
2.680000000000000175e-07 5.000000000000000000e+02 -1.146020684747754187e-05 -1.146047823701620665e-05 5.761065638820138390e-03 6.821318560825892496e-08 -1.920270544781113075e-07 -1.769244560868109121e-04 7.711363693039749445e-08 5.755165393301986052e-03 -1.914321934283006994e-04 -8.432072601639113620e-08 -1.916265895507922967e-07 1.914321919429091100e-04 5.755165396250733201e-03 6.717048265833945737e-08 -1.769244528655645901e-04 7.990753448172487582e-08 -6.400632803426928168e-08 5.761065634207338665e-03
2.690000000000000397e-07 5.000000000000000000e+02 -1.134831430638828611e-05 -1.134859108951050362e-05 5.706332436005676599e-03 6.958730631003232081e-08 -1.974801225106760957e-07 -1.672854188928112073e-04 7.880999632796717447e-08 5.700221052966587820e-03 -2.042678700790261082e-04 -7.600283370526610040e-08 -1.965685306428344072e-07 2.042678682865060912e-04 5.700221056054619387e-03 6.109008546572292471e-08 -1.672854158757795958e-04 7.169460848590258287e-08 -5.795603172640398712e-08 5.706332431331113779e-03
2.700000000000000090e-07 5.000000000000000000e+02 -1.125862647299665578e-05 -1.125890914803971191e-05 5.662738448239867592e-03 7.108747873641949044e-08 -2.042467090604344962e-07 -1.571734021026738922e-04 8.061113425080271289e-08 5.656430170219014716e-03 -2.161040021958788985e-04 -6.515019988199857812e-08 -2.028524469563076872e-07 2.161040000705663044e-04 5.656430173464082993e-03 5.570529829836683013e-08 -1.571733993123722111e-04 6.097868742988130000e-08 -5.246051921518169046e-08 5.662738443461456418e-03
2.710000000000000311e-07 5.000000000000000000e+02 -1.118233738631107746e-05 -1.118262872577784158e-05 5.625862873119223326e-03 7.328586510433124368e-08 -2.111191762559289959e-07 -1.466441988081056125e-04 8.311341368133842722e-08 5.619373402387980998e-03 -2.268723533609371963e-04 -5.364632802310549849e-08 -2.092415089886271078e-07 2.268723508876534115e-04 5.619373405796285886e-03 5.068791668470522061e-08 -1.466441962586558932e-04 4.963009614314797173e-08 -4.728977642699559198e-08 5.625862868196484026e-03
2.720000000000000004e-07 5.000000000000000000e+02 -1.111219063631409041e-05 -1.111249352904172362e-05 5.592059450557792383e-03 7.621229293659770310e-08 -2.177641953910916914e-07 -1.357202341086742950e-04 8.633594513092479605e-08 5.585405000723639782e-03 -2.365583374903317904e-04 -4.130025131104584062e-08 -2.153983230322428001e-07 2.365583346523846009e-04 5.585405004292929611e-03 4.603333019300836709e-08 -1.357202318217101927e-04 3.745409255367916169e-08 -4.244048303639594692e-08 5.592059445456421668e-03
2.730000000000000226e-07 5.000000000000000000e+02 -1.104347906498162785e-05 -1.104379648171579565e-05 5.558961238374660573e-03 7.988795711587337589e-08 -2.238738567136487009e-07 -1.244377667341100961e-04 9.028949767182770092e-08 5.552160092383868345e-03 -2.451194634591198998e-04 -2.804012702193811932e-08 -2.210133893669636870e-07 2.451194602404135111e-04 5.552160096104073912e-03 4.181579202966422728e-08 -1.244377647350295075e-04 2.437367796096846074e-08 -3.798961373742287082e-08 5.558961233064640788e-03
2.739999999999999918e-07 5.000000000000000000e+02 -1.097302764339857328e-05 -1.097336254000348544e-05 5.524970177442718212e-03 8.430970830416301132e-08 -2.291474653777189107e-07 -1.128512479298109935e-04 9.495973067596974460e-08 5.518043641744695832e-03 -2.524962860738844735e-04 -1.387796997893969933e-08 -2.257866441218498066e-07 2.524962824606235244e-04 5.518043645597799432e-03 3.816216485600841329e-08 -1.128512462449767010e-04 1.039444226202359942e-08 -3.406806623018989767e-08 5.524970171898286979e-03
2.750000000000000140e-07 5.000000000000000000e+02 -1.089860811229804202e-05 -1.089896312421777368e-05 5.488963255569729791e-03 8.939745449552255474e-08 -2.333291939437067992e-07 -1.010400938319249044e-04 1.002564115797425057e-07 5.481936345151620579e-03 -2.586162712485665007e-04 1.089881993573787036e-09 -2.294662652744107029e-07 2.586162672319079129e-04 5.481936349114063800e-03 3.519142492244461820e-08 -1.010400924874222024e-04 -4.392171118308468760e-09 -3.079993049679937735e-08 5.488963249769541336e-03
2.760000000000000362e-07 5.000000000000000000e+02 -1.081870337317908958e-05 -1.081908075086121073e-05 5.450174508048685057e-03 9.505475289219370016e-08 -2.361714585894350060e-07 -8.911558919310008740e-05 1.060715608233903954e-07 5.443077170313889018e-03 -2.633845935416303120e-04 1.667230403850494943e-08 -2.318107346443001094e-07 2.633845891185789771e-04 5.443077174355766962e-03 3.305188496185239239e-08 -8.911558821106757111e-05 -1.980209163931703965e-08 -2.834150977072048888e-08 5.450174501977067890e-03
2.770000000000000055e-07 5.000000000000000000e+02 -1.073530362833397363e-05 -1.073570472491435614e-05 5.409604350176107010e-03 1.010559807167708956e-07 -2.361583589100261964e-07 -7.715389305110753626e-05 1.121119291417650974e-07 5.402472960009118384e-03 -2.667440049317455156e-04 3.194719067691225193e-08 -2.313143668145132945e-07 2.667440001436493266e-04 5.402472964036466284e-03 3.157497533796593930e-08 -7.715389245269812558e-05 -3.490331627450308886e-08 -2.658987295660003133e-08 5.409604343890925433e-03
2.780000000000000277e-07 5.000000000000000000e+02 -1.064582925199941175e-05 -1.064625474899554048e-05 5.365784584707858698e-03 1.072288284471347019e-07 -2.347915599302847095e-07 -6.553879654828929121e-05 1.182672891716051022e-07 5.358654165439735717e-03 -2.686528540706651855e-04 4.703830329398255202e-08 -2.294907774559206042e-07 2.686528489323547811e-04 5.358654169422520305e-03 3.110576936388140673e-08 -6.553879633413857257e-05 -4.984290701820341153e-08 -2.584153872856240849e-08 5.365784578203192101e-03
2.789999999999999969e-07 5.000000000000000000e+02 -1.054850509182050878e-05 -1.054895492087258463e-05 5.317986858342312398e-03 1.133873454919887003e-07 -2.321303861628520090e-07 -5.450786750404759245e-05 1.243521552968946107e-07 5.310890542075918409e-03 -2.691741311386977825e-04 6.179196239623803845e-08 -2.264053840459194938e-07 2.691741256681042947e-04 5.310890545988669609e-03 3.160503921552329823e-08 -5.450786767237050150e-05 -6.447140984651363342e-08 -2.605594517618477956e-08 5.317986851614359134e-03
2.800000000000000191e-07 5.000000000000000000e+02 -1.044341041138471856e-05 -1.044388384970460969e-05 5.266248170536448961e-03 1.193665227689801045e-07 -2.282796283761031994e-07 -4.426946062471234257e-05 1.302046867975547016e-07 5.259215063245177568e-03 -2.684527367722616058e-04 7.604140390682007154e-08 -2.221675893817426873e-07 2.684527309894647841e-04 5.259215067067157627e-03 3.303110269609029883e-08 -4.426946116975232821e-05 -7.862707288015143557e-08 -2.719171780865584849e-08 5.266248163583366754e-03
2.810000000000000413e-07 5.000000000000000000e+02 -1.033122722548223137e-05 -1.033172298628367966e-05 5.210909589335293787e-03 1.250240013080106127e-07 -2.233739613383372950e-07 -3.499213223292906721e-05 1.356865939536323037e-07 5.203963863010235141e-03 -2.666727512065330923e-04 8.966472911206460183e-08 -2.169151425581817084e-07 2.666727451327238849e-04 5.203963866726012827e-03 3.531269498967434942e-08 -3.499213314594369232e-05 -9.219192776397012621e-08 -2.917696328728206866e-08 5.210909582156732223e-03
2.820000000000000105e-07 5.000000000000000000e+02 -1.021307765532942936e-05 -1.021359399710435029e-05 5.152534560776722214e-03 1.302448526981080960e-07 -2.175706348572661961e-07 -2.680304838926254120e-05 1.406876849949222933e-07 5.145695014100237080e-03 -2.640393217499829230e-04 1.025753767669326060e-07 -2.108070233118110064e-07 2.640393154064236731e-04 5.145695017700030287e-03 3.835769768913752675e-08 -2.680304965921171049e-05 -1.050823625767500977e-07 -3.191856804100801893e-08 5.152534553373210383e-03
2.830000000000000327e-07 5.000000000000000000e+02 -1.009045088510839208e-05 -1.009098577901296194e-05 5.091872326611245753e-03 1.349562727208896127e-07 -2.110651974573115969e-07 -1.981500750458406069e-05 1.451404238006318873e-07 5.085152634643619676e-03 -2.607561763527302249e-04 1.147257811553349940e-07 -2.040391321077511875e-07 2.607561697589239947e-04 5.085152638124251258e-03 4.204618234694162789e-08 -1.981500911959908074e-05 -1.172527573200134975e-07 -3.529419618789765737e-08 5.091872318982264105e-03
2.840000000000000020e-07 5.000000000000000000e+02 -9.965064102059516883e-06 -9.965615384712236800e-06 5.029787951683016220e-03 1.391239494107598092e-07 -2.040616098202592968e-07 -1.412471288025201070e-05 1.490167341263066991e-07 5.023194576110271391e-03 -2.570671647977171769e-04 1.261359203159197971e-07 -1.968135447684946941e-07 2.570671579696846257e-04 5.023194579475689578e-03 4.626091606529362025e-08 -1.412471482915690010e-05 -1.287256095232836092e-07 -3.918055193546292000e-08 5.029787943825134340e-03
2.850000000000000242e-07 5.000000000000000000e+02 -9.835994145552749747e-06 -9.836559503900355506e-06 4.965814339580407882e-03 1.427097182991713966e-07 -1.966595303604969092e-07 -9.789013496762686718e-06 1.522816966002988894e-07 4.959343705660188006e-03 -2.532314846456121911e-04 1.373269524098825063e-07 -1.892264239512244078e-07 2.532314775887877737e-04 4.959343708931193001e-03 5.104473714453981013e-08 -9.789015778909527946e-06 -1.400323556627509076e-07 -4.358757109027360690e-08 4.965814331474457943e-03
2.859999999999999934e-07 5.000000000000000000e+02 -9.707805379951125427e-06 -9.708382831213210220e-06 4.902255087583760017e-03 1.457965568014280011e-07 -1.890401000195719894e-07 -6.823505770776653345e-06 1.550228818265886057e-07 4.895896832032064182e-03 -2.495045866458586834e-04 1.479534844517958963e-07 -1.814526332962721096e-07 2.495045793660728055e-04 4.895896835224784575e-03 5.615528238015726020e-08 -6.823508382583914967e-06 -1.508225964630852904e-07 -4.828909884665715707e-08 4.902255079216545110e-03
2.870000000000000156e-07 5.000000000000000000e+02 -9.582574650962283325e-06 -9.583162513555163885e-06 4.840133311745944099e-03 1.484593727917037945e-07 -1.813475547541588952e-07 -5.239007152656718883e-06 1.573179606436866940e-07 4.833868222489984615e-03 -2.461320391303998016e-04 1.581570778597143997e-07 -1.736299073132264912e-07 2.461320316263570043e-04 4.833868225626281392e-03 6.152360754715595984e-08 -5.239010095535078369e-06 -1.612416712909799114e-07 -5.320502356212836933e-08 4.840133303096808871e-03
2.880000000000000378e-07 5.000000000000000000e+02 -9.462664975023982625e-06 -9.463261945047608345e-06 4.780567139899992955e-03 1.507907797871146927e-07 -1.737074801642283883e-07 -5.037464889643146669e-06 1.592608611898637962e-07 4.774366112635214029e-03 -2.433618083142656899e-04 1.681234402609501093e-07 -1.658766466356370122e-07 2.433618005763418086e-04 4.774366115743403083e-03 6.710806380263644128e-08 -5.037468171464238746e-06 -1.714804909056139063e-07 -5.827940252842696788e-08 4.780567130938593624e-03
2.890000000000000070e-07 5.000000000000000000e+02 -9.348562498059870688e-06 -9.349167746307915841e-06 4.723910267786630111e-03 1.529136625759431032e-07 -1.661295467614456018e-07 -6.221045073148556607e-06 1.609694136794556905e-07 4.717733072348488307e-03 -2.414210388071098877e-04 1.780962546203315970e-07 -1.581934716888997116e-07 2.414210308170538968e-04 4.717733075461909287e-03 7.289477568758537051e-08 -6.221048713041105047e-06 -1.817901183915718898e-07 -6.347885452639498638e-08 4.723910258470879683e-03
2.900000000000000292e-07 5.000000000000000000e+02 -9.241687598975363601e-06 -9.242300767097658172e-06 4.670882489655392086e-03 1.549468755831887893e-07 -1.586249085274386975e-07 -8.805831099777168699e-06 1.625554680562656118e-07 4.664675350590844621e-03 -2.405608132831306065e-04 1.883205373278261001e-07 -1.505828024349505074e-07 2.405608050120555111e-04 4.664675353749202745e-03 7.892712845288643155e-08 -8.805835127520666582e-06 -1.924273158057707011e-07 -6.882426745857148518e-08 4.670882479928696075e-03
