# wvl (nm) Kappa_real Kappa_imag
2.100000000000000000e+02 -2.951759073817791486e-04 1.304791224759257182e-04
2.110000000000000000e+02 -4.399569101821550416e-04 5.166077575901045912e-05
2.120000000000000000e+02 -5.699462948918403247e-04 4.675371598221365122e-06
2.130000000000000000e+02 -6.846303954977406596e-04 -1.389448947259362064e-05
2.140000000000000000e+02 -7.834902543182400460e-04 -7.539143808102668909e-06
2.150000000000000000e+02 -8.660016846487470161e-04 2.017816424613517830e-05
2.160000000000000000e+02 -9.316352979118080633e-04 6.562133977358161250e-05
2.170000000000000000e+02 -9.798564905420859873e-04 1.250814987907539297e-04
2.180000000000000000e+02 -1.010125401571829781e-03 1.947770044272317293e-04
2.190000000000000000e+02 -1.034377564359786937e-03 2.574007885038044272e-04
2.200000000000000000e+02 -9.985806701398470403e-04 3.345760808870435398e-04
2.210000000000000000e+02 -9.549725400031850754e-04 4.248498214072108422e-04
2.220000000000000000e+02 -9.115165157047880285e-04 4.874688873363781103e-04
2.230000000000000000e+02 -8.505817838018454695e-04 5.416156800915221175e-04
2.240000000000000000e+02 -7.915831178968707601e-04 5.971478114250803595e-04
2.250000000000000000e+02 -6.943353585315797764e-04 6.423844321690493206e-04
2.260000000000000000e+02 -5.875723356307542729e-04 6.701640671812819161e-04
2.270000000000000000e+02 -4.655354417818752906e-04 6.859546349716930764e-04
2.280000000000000000e+02 -3.435867096693993091e-04 6.945981661543434776e-04
2.290000000000000000e+02 -2.148234820869726906e-04 6.888160231662476471e-04
2.300000000000000000e+02 -8.495989775458113536e-05 6.578213913667062436e-04
2.310000000000000000e+02 3.141136111926193621e-05 6.078486372023759587e-04
2.320000000000000000e+02 1.426734291092994792e-04 5.481522850296920071e-04
2.330000000000000000e+02 2.446718193631110131e-04 4.816094585288272422e-04
2.340000000000000000e+02 3.416350758325207822e-04 4.076578254046318676e-04
2.350000000000000000e+02 4.073212201645946568e-04 3.320641915406779827e-04
2.360000000000000000e+02 4.568952263104522800e-04 2.595540829748268813e-04
2.370000000000000000e+02 4.932752381158005649e-04 1.938573925887322725e-04
2.380000000000000000e+02 4.921594908186662431e-04 1.364226170422876019e-04
2.390000000000000000e+02 4.678311528866214812e-04 9.293582427065484098e-05
2.400000000000000000e+02 4.345051049019985610e-04 5.974439168696780864e-05
2.410000000000000000e+02 3.901076843248171334e-04 3.685538282208576389e-05
2.420000000000000000e+02 3.452920514329205041e-04 2.948483406380272525e-05
2.430000000000000000e+02 3.019312884187932630e-04 2.712683940414743143e-05
2.440000000000000000e+02 2.586489579875217697e-04 2.574661215165986136e-05
2.450000000000000000e+02 2.199153585980938709e-04 2.653866138386614361e-05
2.460000000000000000e+02 1.784884268195467498e-04 2.766995038438830256e-05
2.470000000000000000e+02 1.470972385154140213e-04 2.923509029514714645e-05
2.480000000000000000e+02 1.215197781647732326e-04 3.023801610176624619e-05
2.490000000000000000e+02 9.500600270752224022e-05 3.035866197676079790e-05
2.500000000000000000e+02 7.989168162877814477e-05 3.319170724271836356e-05
2.510000000000000000e+02 6.612007537094538969e-05 3.773782494887142924e-05
2.520000000000000000e+02 5.204666059910935958e-05 3.954289595951672389e-05
2.530000000000000000e+02 4.274202388372589409e-05 4.094067524125300569e-05
2.540000000000000000e+02 3.115318660998625061e-05 4.437213430130909560e-05
2.550000000000000000e+02 2.580444465913438867e-05 4.837719921376869883e-05
2.560000000000000000e+02 2.107744666572445899e-05 5.152146299239904827e-05
2.570000000000000000e+02 9.483033864289043755e-06 5.641932675944809540e-05
2.580000000000000000e+02 9.973456705068975863e-07 6.311941852337156153e-05
2.590000000000000000e+02 -8.801091304806825256e-06 6.684590780846325010e-05
2.600000000000000000e+02 -2.059207169332836617e-05 6.944956329117546868e-05
2.610000000000000000e+02 -3.090747674882135011e-05 7.704629709929577475e-05
2.620000000000000000e+02 -4.731857642542337410e-05 8.531131858546907841e-05
2.630000000000000000e+02 -6.180683773022885253e-05 9.792031697439178652e-05
2.640000000000000000e+02 -7.474489044818957695e-05 1.093865930351375031e-04
2.650000000000000000e+02 -8.349332741940900372e-05 1.183582674091213430e-04
2.660000000000000000e+02 -8.580496829524733528e-05 1.288107072852251336e-04
2.670000000000000000e+02 -9.194994460406592958e-05 1.382438163954135635e-04
2.680000000000000000e+02 -1.026544585963332139e-04 1.459999648834575930e-04
2.690000000000000000e+02 -1.099059332700069150e-04 1.536550145739738824e-04
2.700000000000000000e+02 -1.166776260036857319e-04 1.632585883447816946e-04
2.710000000000000000e+02 -1.210565370575100643e-04 1.750496256893812306e-04
2.720000000000000000e+02 -1.311785900890840651e-04 1.895010509929768094e-04
2.730000000000000000e+02 -1.461761384257093761e-04 1.997473118167891965e-04
2.740000000000000000e+02 -1.495678410699622111e-04 2.041203073044569910e-04
2.750000000000000000e+02 -1.476602371710643963e-04 2.037367385569481180e-04
2.760000000000000000e+02 -1.458646827323205190e-04 1.990578609421661798e-04
2.770000000000000000e+02 -1.427900810110176979e-04 2.006638050212527970e-04
2.780000000000000000e+02 -1.386287915662034141e-04 2.076862251683673534e-04
2.790000000000000000e+02 -1.302409242276321975e-04 2.192099433455325160e-04
2.800000000000000000e+02 -1.209753891804768802e-04 2.243922710411998625e-04
2.810000000000000000e+02 -1.093612884003584572e-04 2.188814136313035051e-04
2.820000000000000000e+02 -9.342094913479034445e-05 2.063820291329764034e-04
2.830000000000000000e+02 -7.522849903813066236e-05 1.870337283097089247e-04
2.840000000000000000e+02 -5.318232464206314387e-05 1.617214400993718818e-04
2.850000000000000000e+02 -2.219331835570964204e-05 1.326166410665587027e-04
2.860000000000000000e+02 6.756661254198751506e-06 1.052886206834056178e-04
2.870000000000000000e+02 3.180523878770422086e-05 8.098532755995249449e-05
2.880000000000000000e+02 5.439665417444662654e-05 5.889690264242369627e-05
2.890000000000000000e+02 7.482884107026070166e-05 3.680888540238506652e-05
2.900000000000000000e+02 1.035352176226606458e-04 1.600664136870069817e-05
2.910000000000000000e+02 1.321005817452081978e-04 -1.992342491332709507e-06
2.920000000000000000e+02 1.474305401820999136e-04 -1.368269275031866782e-05
2.930000000000000000e+02 1.554336061018119831e-04 -2.545129005970039566e-06
2.940000000000000000e+02 1.585624001628110403e-04 1.190137039233588017e-05
2.950000000000000000e+02 1.569133706872178800e-04 2.728042773702216248e-05
2.960000000000000000e+02 1.505849540759853368e-04 4.118299887657141518e-05
2.970000000000000000e+02 1.396775754650763052e-04 5.116737225864579724e-05
2.980000000000000000e+02 1.242936493790605451e-04 5.475916853013367783e-05
2.990000000000000000e+02 1.045375795264906173e-04 4.945133953436790450e-05
3.000000000000000000e+02 8.051575857579997789e-05 3.270416906963067503e-05
