#wvl	CB	CD	kappa_real	kappa_im
210.0	0.00277425425	-0.00177707301	0.0005377095	-0.0003444345
211.0	0.00284454362	-0.00126127407	0.0005539584	-0.0002456258
212.0	0.00220901212	-0.00193714219	0.0004322312	-0.0003790351
213.0	0.00111527331	-0.00310289849	0.0002192517	-0.0006099992
214.0	-0.00023376809	-0.00425935811	-0.0000461723	-0.0008412790
215.0	-0.00167551771	-0.00508337003	-0.0003324831	-0.0010087239
216.0	-0.00308329316	-0.00540125705	-0.0006146823	-0.0010767893
217.0	-0.00436192549	-0.00516225568	-0.0008736150	-0.0010339067
218.0	-0.00544336083	-0.00441195603	-0.0010952310	-0.0008877073
219.0	-0.00623857980	-0.00333144634	-0.0012609909	-0.0006733782
220.0	-0.00696244439	-0.00200647635	-0.0014137302	-0.0004074167
221.0	-0.00731530893	-0.00049470525	-0.0014921314	-0.0001009069
222.0	-0.00715134434	0.00091843807	-0.0014652873	0.0001881850
223.0	-0.00685927538	0.00201746382	-0.0014117741	0.0004152338
224.0	-0.00618718045	0.00281168322	-0.0012791543	0.0005812949
225.0	-0.00502235487	0.00331545526	-0.0010429705	0.0006885061
226.0	-0.00368147519	0.00356690030	-0.0007679137	0.0007440147
227.0	-0.00219506902	0.00350084151	-0.0004598923	0.0007334667
228.0	-0.00064943792	0.00336895234	-0.0001366642	0.0007089438
229.0	0.00059342650	0.00308739948	0.0001254251	0.0006525449
230.0	0.00143037313	0.00253246876	0.0003036402	0.0005375936
231.0	0.00201471944	0.00191162326	0.0004295450	0.0004075646
232.0	0.00228973846	0.00126420099	0.0004902933	0.0002706987
233.0	0.00214766796	0.00060447762	0.0004618545	0.0001299925
234.0	0.00191636269	-0.00003085613	0.0004138812	-0.0000066641
235.0	0.00175738977	-0.00062459201	0.0003811694	-0.0001354710
236.0	0.00150963075	-0.00108444022	0.0003288250	-0.0002362108
237.0	0.00117506741	-0.00133875611	0.0002570356	-0.0002928410
238.0	0.00085131658	-0.00141646114	0.0001870037	-0.0003111457
239.0	0.00060037665	-0.00135529015	0.0001324353	-0.0002989595
240.0	0.00041318353	-0.00120197591	0.0000915243	-0.0002662497
241.0	0.00036306486	-0.00095250417	0.0000807576	-0.0002118683
242.0	0.00035847512	-0.00066791392	0.0000800675	-0.0001491825
243.0	0.00029690641	-0.00044790605	0.0000665898	-0.0001004559
244.0	0.00028456981	-0.00024172926	0.0000640856	-0.0000544379
245.0	0.00028743733	-0.00009314788	0.0000649967	-0.0000210630
246.0	0.00027600340	-0.00003518811	0.0000626660	-0.0000079894
247.0	0.00029808067	0.00001330295	0.0000679537	0.0000030327
248.0	0.00034698154	0.00002155322	0.0000794219	0.0000049334
249.0	0.00033346262	0.00002194673	0.0000766353	0.0000050437
250.0	0.00035009475	0.00003854073	0.0000807807	0.0000088929
251.0	0.00038362593	0.00008230332	0.0000888718	0.0000190666
252.0	0.00040304448	0.00014456661	0.0000937423	0.0000336241
253.0	0.00038831811	0.00021322496	0.0000906756	0.0000497898
254.0	0.00033198496	0.00027193713	0.0000778277	0.0000637506
255.0	0.00029212123	0.00030981390	0.0000687520	0.0000729161
256.0	0.00022663605	0.00034686102	0.0000535490	0.0000819554
257.0	0.00018804571	0.00037438811	0.0000446045	0.0000888050
258.0	0.00018914140	0.00039272579	0.0000450390	0.0000935171
259.0	0.00015584542	0.00036853175	0.0000372543	0.0000880961
260.0	0.00012778687	0.00035796626	0.0000306649	0.0000859009
261.0	0.00009638677	0.00036259457	0.0000232188	0.0000873462
262.0	0.00004966976	0.00036953164	0.0000120109	0.0000893583
263.0	0.00001440180	0.00038419875	0.0000034959	0.0000932597
264.0	-0.00002716311	0.00037027473	-0.0000066186	0.0000902215
265.0	-0.00006536808	0.00033774027	-0.0000159880	0.0000826059
266.0	-0.00008593270	0.00032804767	-0.0000210971	0.0000805380
267.0	-0.00010474291	0.00033295578	-0.0000258118	0.0000820503
268.0	-0.00008320760	0.00032605081	-0.0000205816	0.0000806496
269.0	-0.00006682557	0.00032608015	-0.0000165912	0.0000809578
270.0	-0.00010492384	0.00031198013	-0.0000261469	0.0000777451
271.0	-0.00015632904	0.00030656489	-0.0000391013	0.0000766785
272.0	-0.00024188872	0.00029918724	-0.0000607249	0.0000751094
273.0	-0.00028219063	0.00026945595	-0.0000711029	0.0000678942
274.0	-0.00025704964	0.00023525687	-0.0000650054	0.0000594942
275.0	-0.00024842635	0.00019584831	-0.0000630540	0.0000497090
276.0	-0.00022469474	0.00018293057	-0.0000572380	0.0000465991
277.0	-0.00019824939	0.00018451646	-0.0000506843	0.0000471734
278.0	-0.00018436034	0.00017529728	-0.0000473036	0.0000449782
279.0	-0.00017090320	0.00015962649	-0.0000440085	0.0000411047
280.0	-0.00017014207	0.00016798980	-0.0000439695	0.0000434133
281.0	-0.00016111790	0.00014351401	-0.0000417861	0.0000372205
282.0	-0.00016161922	0.00007837946	-0.0000420653	0.0000204002
283.0	-0.00020018868	0.00001214712	-0.0000522887	0.0000031728
284.0	-0.00023968897	-0.00005062815	-0.0000628273	-0.0000132707
285.0	-0.00024807986	-0.00009416578	-0.0000652557	-0.0000247697
286.0	-0.00022723767	-0.00013591837	-0.0000599830	-0.0000358778
287.0	-0.00020340848	-0.00015228385	-0.0000538807	-0.0000403383
288.0	-0.00022172461	-0.00016507475	-0.0000589371	-0.0000438789
289.0	-0.00022871931	-0.00019741007	-0.0000610074	-0.0000526562
290.0	-0.00026322627	-0.00023298269	-0.0000704546	-0.0000623597
291.0	-0.00033172088	-0.00029712912	-0.0000890939	-0.0000798032
292.0	-0.00035928181	-0.00035334702	-0.0000968278	-0.0000952284
293.0	-0.00040730508	-0.00041983695	-0.0001101462	-0.0001135352
294.0	-0.00043699934	-0.00048858930	-0.0001185797	-0.0001325786
295.0	-0.00043749558	-0.00055485264	-0.0001191181	-0.0001510712
296.0	-0.00040300305	-0.00061338121	-0.0001100987	-0.0001675731
297.0	-0.00033558154	-0.00065880139	-0.0000919892	-0.0001805897
298.0	-0.00024791372	-0.00068597814	-0.0000681866	-0.0001886725
299.0	-0.00016607745	-0.00069038155	-0.0000458315	-0.0001905208
300.0	-0.00013231807	-0.00066845323	-0.0000366372	-0.0001850864
