# wvl (nm) CD (rad) CB (rad)
2.100000000000000000e+02 7.048129401836160466e-04 -1.594198244507601244e-03
2.110000000000000000e+02 2.778338951654031825e-04 -2.364922015055269736e-03
2.120000000000000000e+02 2.518163604163720700e-05 -3.049226940607998974e-03
2.130000000000000000e+02 -7.379617384189541066e-05 -3.645598071249173990e-03
2.140000000000000000e+02 -3.975187113940798454e-05 -4.152520457062180460e-03
2.150000000000000000e+02 1.066622074948863881e-04 -4.568479148130402331e-03
2.160000000000000000e+02 3.447937254067728755e-04 -4.891959194537226149e-03
2.170000000000000000e+02 6.539903459420401150e-04 -5.121445646366035859e-03
2.180000000000000000e+02 1.013599732446469589e-03 -5.255423553700190251e-03
2.190000000000000000e+02 1.333300221063010715e-03 -5.357018668713050928e-03
2.200000000000000000e+02 1.725103109442289832e-03 -5.148104519784266545e-03
2.210000000000000000e+02 2.180582618740223039e-03 -4.900989327180115158e-03
2.220000000000000000e+02 2.490669586859534969e-03 -4.656882438700667148e-03
2.230000000000000000e+02 2.754880381713470210e-03 -4.326067435149958881e-03
2.240000000000000000e+02 3.023746022029084185e-03 -4.008009723118938737e-03
2.250000000000000000e+02 3.238315584430888523e-03 -3.499972370252929510e-03
2.260000000000000000e+02 3.363375257603654599e-03 -2.948682965115239675e-03
2.270000000000000000e+02 3.427428819773112399e-03 -2.325939673615214781e-03
2.280000000000000000e+02 3.455369633872708898e-03 -1.709101317057365801e-03
2.290000000000000000e+02 3.411620997804636849e-03 -1.063903024087251232e-03
2.300000000000000000e+02 3.243926528651462290e-03 -4.188927577085422042e-04
2.310000000000000000e+02 2.984508037515977170e-03 1.542850201675696992e-04
2.320000000000000000e+02 2.679793589538146358e-03 6.975449665472550215e-04
2.330000000000000000e+02 2.344371154909856252e-03 1.191050232220139306e-03
2.340000000000000000e+02 1.975907406960628228e-03 1.655935062697430019e-03
2.350000000000000000e+02 1.602657180753515841e-03 1.965911041979980997e-03
2.360000000000000000e+02 1.247389845374075219e-03 2.195829042620411377e-03
2.370000000000000000e+02 9.277269540070085104e-04 2.360667104789365006e-03
2.380000000000000000e+02 6.501228245112242090e-04 2.345432480257210895e-03
2.390000000000000000e+02 4.410330471301004041e-04 2.220167170392421414e-03
2.400000000000000000e+02 2.823394613338314828e-04 2.053423693533856613e-03
2.410000000000000000e+02 1.734479892957024817e-04 1.835958954938629421e-03
2.420000000000000000e+02 1.381881115133677933e-04 1.618330859010596668e-03
2.430000000000000000e+02 1.266142938372680931e-04 1.409283985258837297e-03
2.440000000000000000e+02 1.196800668890345327e-04 1.202314383073108941e-03
2.450000000000000000e+02 1.228590247788077328e-04 1.018092061012933376e-03
2.460000000000000000e+02 1.275760252889887711e-04 8.229491283505502514e-04
2.470000000000000000e+02 1.342469193679105249e-04 6.754699321653890882e-04
2.480000000000000000e+02 1.382926768035192986e-04 5.557687521041050106e-04
2.490000000000000000e+02 1.382870288109594632e-04 4.327637662348567766e-04
2.500000000000000000e+02 1.505872657027519689e-04 3.624608297197901572e-04
2.510000000000000000e+02 1.705305780086857365e-04 2.987854687683748995e-04
2.520000000000000000e+02 1.779784514046840000e-04 2.342569585333704758e-04
2.530000000000000000e+02 1.835415014291190481e-04 1.916174414569722607e-04
2.540000000000000000e+02 1.981420828253783659e-04 1.391136088204549415e-04
2.550000000000000000e+02 2.151795112111152901e-04 1.147771826268895114e-04
2.560000000000000000e+02 2.282699935986603991e-04 9.338554504477167338e-05
2.570000000000000000e+02 2.489978776292478004e-04 4.185210061724714423e-05
2.580000000000000000e+02 2.774881101300959575e-04 4.384805653763230050e-06
2.590000000000000000e+02 2.927361633381512021e-04 -3.854208262882621026e-05
2.600000000000000000e+02 3.029686619008195038e-04 -8.983111966622380341e-05
2.610000000000000000e+02 3.348212381240465887e-04 -1.343147207873352151e-04
2.620000000000000000e+02 3.693238144813854539e-04 -2.048478127442836835e-04
2.630000000000000000e+02 4.222981622731671134e-04 -2.665519797720020991e-04
2.640000000000000000e+02 4.699616975176435472e-04 -3.211285017226540969e-04
2.650000000000000000e+02 5.065883105059750804e-04 -3.573610802075664959e-04
2.660000000000000000e+02 5.492535459641368365e-04 -3.658745157703178672e-04
2.670000000000000000e+02 5.872690375472489109e-04 -3.906084250120804048e-04
2.680000000000000000e+02 6.179036050884691806e-04 -4.344546934347749039e-04
2.690000000000000000e+02 6.478841018935098438e-04 -4.634152983325582091e-04
2.700000000000000000e+02 6.858279981553775436e-04 -4.901458681327313825e-04
2.710000000000000000e+02 7.326471727591207100e-04 -5.066644882996892973e-04
2.720000000000000000e+02 7.902158735904275724e-04 -5.470104004736364668e-04
2.730000000000000000e+02 8.298916420859130030e-04 -6.073170092059953541e-04
2.740000000000000000e+02 8.449651001983889045e-04 -6.191406237316370974e-04
2.750000000000000000e+02 8.403104962113906989e-04 -6.090213756835582189e-04
2.760000000000000000e+02 8.180378525937794052e-04 -5.994359716562514939e-04
2.770000000000000000e+02 8.216605156106906354e-04 -5.846824298310507404e-04
2.780000000000000000e+02 8.473562233833871558e-04 -5.656013550518341733e-04
2.790000000000000000e+02 8.911671093538816365e-04 -5.294745187989261751e-04
2.800000000000000000e+02 9.089771622202492182e-04 -4.900504900193117068e-04
2.810000000000000000e+02 8.834982902342817341e-04 -4.414272953099500916e-04
2.820000000000000000e+02 8.300915208820446685e-04 -3.757483186316734765e-04
2.830000000000000000e+02 7.496124153703060539e-04 -3.015072162546625183e-04
2.840000000000000000e+02 6.458810867539643147e-04 -2.123979370283670548e-04
2.850000000000000000e+02 5.277841982578389659e-04 -8.832355083095836160e-05
2.860000000000000000e+02 4.175595294970391690e-04 2.679663261894704696e-05
2.870000000000000000e+02 3.200568435658937734e-04 1.256959997216058954e-04
2.880000000000000000e+02 2.319542242083773233e-04 2.142314343583648980e-04
2.890000000000000000e+02 1.444630465367131248e-04 2.936799072504908030e-04
2.900000000000000000e+02 6.260415557899399552e-05 4.049422015380245909e-04
2.910000000000000000e+02 -7.765813511538812724e-06 5.148903046746063430e-04
2.920000000000000000e+02 -5.314875674220053938e-05 5.726742682698535017e-04
2.930000000000000000e+02 -9.852584792869375357e-06 6.017006439927171605e-04
2.940000000000000000e+02 4.591474406025327845e-05 6.117248848853638898e-04
2.950000000000000000e+02 1.048895605786205696e-04 6.033110542672081699e-04
2.960000000000000000e+02 1.578081955236837822e-04 5.770232154576639388e-04
2.970000000000000000e+02 1.954069796568978865e-04 5.334254317761431829e-04
2.980000000000000000e+02 2.084222437397128657e-04 4.730817665420591900e-04
2.990000000000000000e+02 1.875903185335845574e-04 3.965562830748248137e-04
3.000000000000000000e+02 1.236475347999633784e-04 3.044130446938529081e-04
